0 1 PARAM    POST    -1
1 1 PARAM,PRTMAXIM,YES
2 2 PBEAM    2      1       10.     10.     10.             1.          -4.5            2.5                             -6.
3 2 CBEAM    4       2       5       6      1.      1.       0. 
4 1 MAT1     1      71700.  26954.9 .33     2.8-6   2.2-5
5 2 GRID     5               0.      0.      0. 
6 1 SPC1     1       123456  5
7 2 FORCE    1       8       0      10.      0.     -1.      0. 
8 3 GRID*    122                            -.09634976089000-4.2119364738464 *       3.64852547645569 
9 3 GRID*    123                            -.48297652602195-3.6325523853302 *       2.56702852249146 
10 3 PBMSECT 31      1       OP                                              +         OUTP=101,t=0.04,BRP(1)=201,BRP(3)=102 
11 1 grid, 10,,  90.
12 1 cbeam,  1, 100,  1,  2, 0., 0., 1.
13 3 cquad8,1,1,1,2,3,4,,,+ +,,,,,,,1 
14 5 MAT2   *       100000001  4.98523398E+04  1.73574316E+04  4.65156882E-05         *         4.98523398E+04 -9.36767901E-04  1.62474521E+04   .00000000E+00         *          .00000000E+00   .00000000E+00   .00000000E+00   .00000000E+00         *          .00000000E+00   .00000000E+00   .00000000E+00   .00000000E+00         *                      0
